100.906 20
27.9986 21.9984
89 21.0025
100.511 22.135
103.957 25
66.0908 24.4429
87.7398 24.8537
110.105 24
58.0319 27.9681
48 28.7204
25 28
28 29
44.9969 31.9969
116 32
31.9786 32.0242
37 33.9721
59 32.0688
46 33.2245
48.7371 33.6865
91.5638 34.7544
49 36.0992
67.1501 37
90.0698 37
107.171 41
82.0347 53.4031
108.607 63.0742
96.3701 66.1987
54.6261 69.2574
75.0151 71.0081
90.0108 73.0108
22.1691 75.2754
89.6449 75.3107
116.16 75.1603
102.969 76.0259
116 78
24.0889 77.0889
101.441 84.4909
36.0651 87.9922
104.136 89.1356
87.0426 91.955
74 91.0195
52 96
72.9197 95.0803
91.823 96.2365
108.216 97
68.294 105.66
123.616 114.577
116 116
123 117.951
24.9865 119
115 121
95.8016 120.637
47.5606 123
123 123
80 122
27.2182 126
91 127
102.87 127
112.978 125.176
75 126.066
84.9359 126.056
57.25 129
50 131
84.9594 129.005
75.6685 133
121.927 145.927
125.675 148.676
27.9638 152.031
79.7446 154.547
25.3645 160.328
98.5168 160.134
81 162.055
28 168
98.0822 169.943
96.3086 65.5834
92.6066 124.292
74.856 127.708
96.0954 55.0161
80.25 126.5
61.75 126.656
62.0325 126.207
